0.25     41.75
0.25     44.25
0.25     46.75
0.25     49.25
-0.25     53.25
-0.75     41.25
-0.75     43.75
0.75     46.25
0.75     48.75
-0.75     52.75
10.25     46.25
10.25     51.25
10.25     56.25
10.75     46.25
10.75     51.25
11.25     42.75
11.25     47.75
11.25     52.75
11.25     61.25
11.75     43.25
11.75     48.25
11.75     53.25
11.75     60.25
12.25     41.75
12.25     47.75
12.25     52.75
12.25     59.25
1.25     41.25
1.25     43.75
1.25     47.25
-1.25     50.75
-1.25     54.25
12.75     47.25
12.75     52.25
12.75     59.25
13.25     46.25
13.25     51.25
13.25     57.75
13.25     62.75
13.75     41.25
13.75     47.75
13.75     52.75
13.75     59.25
14.25     45.25
14.25     50.25
14.25     57.25
14.25     62.25
14.75     36.75
14.75     47.25
14.75     52.25
14.75     58.75
14.75     63.75
15.25     40.25
15.25     47.25
15.25     52.25
15.25     59.25
15.25     64.25
15.75     41.25
15.75     48.25
15.75     53.25
15.75     60.25
15.75     65.25
16.25     40.25
16.25     47.25
16.25     52.25
16.25     59.25
16.25     64.25
16.75     40.25
16.75     47.75
16.75     52.75
16.75     61.25
16.75     66.25
17.25     45.25
17.25     50.25
17.25     59.25
17.25     64.75
-1.75     38.25
-1.75     42.25
1.75     45.75
1.75     48.75
-1.75     53.25
17.75     45.75
17.75     50.75
17.75     59.75
17.75     66.75
18.25     44.25
18.25     49.25
18.25     54.25
18.25     65.25
18.75     43.25
18.75     48.25
18.75     53.25
18.75     65.75
19.25     42.75
19.25     47.75
19.25     52.75
19.25     66.75
19.75     41.75
19.75     46.75
19.75     51.75
19.75     65.75
20.25     40.25
20.25     45.25
20.25     50.25
20.25     63.75
20.75     42.25
20.75     47.25
20.75     52.25
20.75     66.25
21.25     39.75
21.25     44.75
21.25     49.75
21.25     54.75
21.25     67.75
21.75     39.75
21.75     44.75
21.75     49.75
21.75     54.75
21.75     62.75
22.25     37.75
22.25     43.25
22.25     48.25
22.25     53.25
22.25     60.25
22.25     67.25
-2.25     38.75
-2.25     42.75
2.25     46.75
-2.25     50.75
-2.25     55.25
22.75     41.75
22.75     46.75
22.75     51.75
22.75     56.75
22.75     66.75
23.25     39.25
23.25     44.75
23.25     49.75
23.25     54.75
23.25     62.75
23.75     44.25
23.75     49.25
23.75     54.25
23.75     61.25
24.25     42.25
24.25     47.25
24.25     52.25
24.25     58.75
24.25     64.25
24.75     35.25
24.75     45.75
24.75     50.75
24.75     55.75
24.75     61.25
24.75     66.75
25.25     41.25
25.25     46.25
25.25     51.25
25.25     56.25
25.25     62.25
25.25     67.75
25.75     42.75
25.75     47.75
25.75     52.75
25.75     57.75
25.75     63.25
26.25     42.25
26.25     47.25
26.25     52.25
26.25     57.25
26.25     63.25
26.75     42.25
26.75     47.25
26.75     52.25
26.75     57.25
26.75     63.25
27.25     44.25
27.25     49.25
27.25     54.25
27.25     59.25
27.25     65.25
-2.75     40.25
2.75     43.25
2.75     47.75
-2.75     51.75
-2.75     56.75
27.75     46.25
27.75     51.25
27.75     56.25
27.75     62.75
27.75     67.75
28.25     45.25
28.25     50.25
28.25     55.25
28.25     63.25
28.75     47.25
28.75     52.25
28.75     61.25
28.75     66.25
29.25     45.75
29.25     50.75
29.25     55.75
29.25     65.25
29.75     50.25
29.75     55.25
29.75     65.75
30.25     48.25
30.25     53.25
30.25     63.75
30.75     47.75
30.75     52.75
30.75     64.25
31.25     50.75
31.25     62.25
31.75     50.25
32.25     46.25
32.25     51.25
-3.25     39.75
3.25     43.75
-3.25     48.25
-3.25     51.75
-3.25     57.25
32.75     51.25
33.25     48.25
33.75     45.25
33.75     50.25
34.25     47.75
34.75     45.25
34.75     50.75
35.25     50.25
35.75     49.75
36.25     50.25
37.25     48.25
-3.75     39.25
3.75     44.25
3.75     48.75
-3.75     52.75
37.75     48.25
38.25     49.75
39.25     49.25
-4.25     36.75
-4.25     41.75
4.25     46.75
4.25     50.75
-4.25     57.25
-4.75     40.25
4.75     45.25
4.75     50.25
-4.75     56.75
-5.25     39.75
5.25     44.75
5.25     49.75
-5.25     56.75
-5.75     36.75
-5.75     41.75
5.75     46.25
5.75     51.25
5.75     59.75
-6.25     38.75
6.25     43.25
6.25     48.25
6.25     52.75
-6.75     39.25
6.75     44.25
6.75     49.25
-6.75     53.25
-7.25     39.75
7.25     44.75
7.25     49.75
7.25     53.25
7.25     60.25
-7.75     39.25
7.75     44.75
7.75     49.75
7.75     53.25
7.75     60.75
-8.25     39.75
8.25     44.75
8.25     49.75
8.25     53.25
-8.75     38.75
8.75     42.25
8.75     48.25
8.75     52.25
8.75     55.75
8.75     62.25
9.25     41.75
9.25     48.75
-9.25     52.75
9.25     55.75
9.75     47.75
-9.75     52.25
9.75     55.25
9.75     61.75
